l(r:p1udt2lv-p1ulv3)

l(r:p1udt104lv-p1ulv281);(-122.39142199247073,37.76615235860846);(-122.39145634768575,37.76611648350041)

l(r:p1udt104lv-p1ulv1901);(-122.39142199247073,37.76615235860846);(-122.39149011207466,37.76615271037781)

l(r:p1udt260lv-p1ulv649);(-122.38946452133051,37.76947709055215);(-122.38955520331675,37.76949558659496)

l(r:p1udt471lv-p1ulv1969);(-122.3915410065607,37.76964105376531);(-122.39155088333592,37.769821367270474)

l(r:p1udt104-p1udt2);(-122.39122883917085,37.766169387212834);(-122.39103568578666,37.76618641549978)

l(r:p1udt201-p1udt471);(-122.39110860138886,37.7697559909041);(-122.3910979866347,37.76966580480389);(-122.39121152467322,37.76966639142247);(-122.39132513659365,37.76965796518788);(-122.39142739468784,37.76964948020849);(-122.3915410065607,37.76964105376531)

l(r:p1umv10-p1umv5);(-122.39205643828555,37.76770589169061);(-122.39195425673235,37.767705364494546);(-122.39185200137238,37.76771384995756);(-122.39174974599024,37.76772233533163);(-122.39164749058592,37.76773082061675);(-122.3915453090062,37.76773029306581);(-122.39144305356999,37.76773877817322);(-122.39132944460077,37.767747204549714);(-122.39122718911915,37.76775568946936);(-122.39112493361534,37.76776417430007);(-122.39102275199966,37.76776364629564);(-122.39092049646399,37.76777213094863);(-122.39093118468482,37.76785330434364);(-122.39093051938919,37.76793441905612);(-122.3909411337211,37.768024605193936);(-122.39095182199709,37.76810577858411);(-122.39096251029525,37.76818695197241);(-122.39096184502586,37.76826806668075);(-122.39097253335589,37.76834924006621);(-122.39098314779126,37.76843942619487);(-122.39099391008244,37.768511586831465);(-122.39099331875558,37.76858368879094);(-122.39100400716077,37.7686648621699);(-122.39101469558811,37.768746035546975);(-122.39102538403763,37.768827208922154);(-122.39102464490853,37.76891733636705);(-122.391035333391,37.76899850973928);(-122.39104602189566,37.76907968310965);(-122.39105663651263,37.76916986922221);(-122.39117054327204,37.769125392152574)

l(r:p1udt62-p1umv10);(-122.39085747653797,37.76714989933792);(-122.39086809068203,37.76724008549254);(-122.3908787048504,37.76733027164506);(-122.39088931904301,37.767420457795474);(-122.39089993325994,37.76751064394378);(-122.39089926793838,37.767591758660515);(-122.39090988218904,37.767681944805645);(-122.3909318009879,37.76777129253705);(-122.39102157167225,37.76775468219454);(-122.39112500751317,37.7677551615537);(-122.39122600876715,37.76774672537008);(-122.39132826423652,37.76773824045135);(-122.39144199734626,37.76772980432078);(-122.3915441286161,37.76772132896936);(-122.39164756442024,37.76772180786946);(-122.39174856557555,37.76771337123699);(-122.39185082094545,37.767704885863836);(-122.39195307629319,37.76769640040173);(-122.39205651207016,37.767696878942594);(-122.39202311565352,37.76761558848825)

l(r:p1udt259-p1udt260);(-122.38946452133051,37.76947709055215)

l(r:p1udt258-p1udt259);(-122.38943386895195,37.769062327978396);(-122.38944418518447,37.76918856518498);(-122.38945435323966,37.76933282787059)

l(r:p1udt258-p1umv9);(-122.38933998669552,37.768052371373024);(-122.38934993207961,37.76822367232035);(-122.38937115699753,37.76840404483725);(-122.38938102837784,37.768584358514936);(-122.38947119054941,37.76866594381089);(-122.38948180319947,37.76875613005455);(-122.38948135859948,37.76881020650676);(-122.38949226767603,37.76886434177999);(-122.38950302857243,37.768936502535546);(-122.38950243578896,37.76900860446979)

l(r:p1udt61-p1umv9);(-122.39032981781406,37.767805128988826);(-122.39013665998411,37.76782215575885);(-122.38994357611125,37.76783016946717);(-122.38973906461341,37.76784713680735);(-122.38952319950207,37.7678640449756);(-122.38931876194218,37.76787199884131);(-122.38935129127789,37.76805153311364);(-122.38942012851832,37.76797166850028)

l(r:p1udt61-p1udt62);(-122.39086882995653,37.76714995802456);(-122.39087939512541,37.76723924708522);(-122.39089000930737,37.76732943323685);(-122.39090062351367,37.76741961938638);(-122.39091123774423,37.7675098055338);(-122.39091062142457,37.76759181734373);(-122.39092118669932,37.76768110639494);(-122.39094310551158,37.767770454124395);(-122.390942476933,37.76785236737392);(-122.39094187292784,37.76793447773676);(-122.3909524382833,37.76802376678076);(-122.39096311428348,37.76810484161279);(-122.39097380259386,37.768186015000175);(-122.39097319861557,37.76826812535882);(-122.39098382567911,37.76834830309326);(-122.39099445241625,37.768438587778256);(-122.39100518520331,37.76851052716023);(-122.39100467239363,37.76858374746638);(-122.39101529953167,37.76866392519439);(-122.39093588525864,37.768664510099796);(-122.39086768942626,37.768673170734864);(-122.39086805908322,37.76862810701204);(-122.39085707510175,37.76858298460028);(-122.39075481841954,37.76859146909841);(-122.39064128203414,37.76859088205393);(-122.39053902531896,37.768599366364484);(-122.39043676858161,37.76860785058607);(-122.39039238986406,37.768481437243736);(-122.39038236805817,37.76831914911503);(-122.39036099271976,37.7681568022456);(-122.39055407740676,37.768148787860724);(-122.39053262776612,37.767995453759944);(-122.39052290158878,37.76779711464666)

l(r:p1udt228-p1udt62);(-122.39106804588515,37.76639388471714);(-122.39086353857749,37.76641085404942);(-122.39085151992458,37.766491910094445);(-122.39085092850246,37.76656401207676);(-122.3908389098087,37.766645068118045);(-122.39083824444123,37.766726182845815);(-122.3908262996365,37.766798226135904);(-122.39083691369827,37.76688841229794);(-122.39084752778429,37.766978598457875);(-122.39085814189463,37.767068784615695)

l(r:p1udt104-p1udt228);(-122.39123009232621,37.76617834508267);(-122.39126119980293,37.766376856382344)

l(r:p1udt104-p1uhs0_1247);(-122.39267384559159,37.75514459489766);(-122.39255988362866,37.75515305191547);(-122.39245801802893,37.75516150880262);(-122.3923616190223,37.755131951491);(-122.39224576270054,37.755159654768136);(-122.39213884576522,37.75516893131566);(-122.3920568765861,37.75516861876858);(-122.39199765491718,37.75523640489295);(-122.3920212729454,37.7553577112033);(-122.39193001739322,37.75541131929136)

l(r:p1udm822-p1ulv579);(-122.39146563308265,37.76636889910733);(-122.39147683868022,37.76638698323249)

l(r:p1udm822-p1udt228lv);(-122.39146563308265,37.76636889910733)

l(r:p1udm823-p1ulv1893);(-122.39106804588515,37.76639388471714);(-122.39105654477675,37.76641185154733)

l(r:p1udm823-p1udt228lv);(-122.39106929902451,37.766402842588214)

l(r:p1udt62lv-p1ulv157);(-122.39085814189463,37.767068784615695);(-122.39074445995064,37.76708622318429)

l(r:p1udt175lv-p1ulv493);(-122.39057027546633,37.76894202678649);(-122.39061443286225,37.769095478287426)

l(r:p1udt175-p1umv5);(-122.39106164794761,37.76917795670379);(-122.3910347171735,37.76908052153029);(-122.39102404096938,37.76899944671622);(-122.39101335249913,37.76891827334307);(-122.39088832671212,37.768925644951544);(-122.39078606956069,37.76893412947224);(-122.3906838123871,37.768942613903995);(-122.39057027546633,37.76894202678649)

l(r:p1udm721-p1ulv530);(-122.39115069114352,37.77016179899766);(-122.39148017525005,37.77013646153191)

l(r:p1udm721-p1udt201lv);(-122.39111862493374,37.769918278946996);(-122.39112931364816,37.769999452299096);(-122.39114000238476,37.77008062564933);(-122.39115069114352,37.77016179899766)

l(r:p1udm722-p1ulv1845);(-122.39099572848426,37.76967428949687);(-122.3909624062958,37.769583986028145)

l(r:p1udm722-p1udt201lv);(-122.39109730885275,37.76975692788695);(-122.39108668182371,37.76966664322867);(-122.39099572848426,37.76967428949687)

l(r:p1udt201-p1udt454);(-122.39108601631634,37.76975786486871);(-122.39107537701248,37.76966748165235);(-122.39099690883589,37.76968325359555);(-122.39088211650582,37.76968271541329);(-122.39077985830995,37.7696911999185);(-122.39066632024263,37.769690612883714);(-122.39056406201381,37.76969909720133)

l(r:p1udt201-p1umv5);(-122.39106665938365,37.769186044185176);(-122.39105597132252,37.769250983918425);(-122.39106665988231,37.76933215728396);(-122.39107734846428,37.76941333064761);(-122.3910879631615,37.769503516753);(-122.39108729799759,37.76958463144508);(-122.39113186420064,37.7696629938515);(-122.39114251586129,37.76975347562061);(-122.39111929007139,37.76983716425905)

l(r:p1udt61lv-p1ulv156);(-122.39052290158878,37.76779711464666);(-122.3904664299166,37.76776077005068)

l(r:p1udt1lv-p1ulv2);(-122.38926651582996,37.7673219272929);(-122.38934643459575,37.76726826268644)

l(r:p1udt1-p1umv9);(-122.38935781959843,37.76806353083193);(-122.38930745738682,37.76787283709783);(-122.3893085201934,37.76773674885572);(-122.3892983525976,37.767592486122915);(-122.38927675745539,37.76745717729047);(-122.38926651582996,37.7673219272929)

l(r:p1udt258lv-p1ulv646);(-122.38950243578896,37.76900860446979);(-122.3895135671986,37.7690357015146)

l(r:p1udt259lv-p1ulv647);(-122.38945435323966,37.76933282787059);(-122.38952240163954,37.769342193543636)

l(r:p1udt260-p1umv3);(-122.389474689457,37.76962135322966);(-122.38949621143473,37.769765674725434);(-122.38950630555466,37.76991895013438);(-122.38951647381111,37.77006321279872);(-122.38961873264918,37.7700547293961)

l(r:p1udt104-p1udt212);(-122.39169892301246,37.765748152798224);(-122.39158426090133,37.7657476055967);(-122.39160612205187,37.765846114406536);(-122.39161665625255,37.7659452457237);(-122.39162719733511,37.76604444458465);(-122.39162642511873,37.76614440104869);(-122.39142258542758,37.76616135924811)

l(r:p1udt201-p1umv7);(-122.39106343124273,37.769759738828995);(-122.39105276738933,37.769669158496455);(-122.39121159856558,37.76965737867887);(-122.39132408036006,37.76964899133718);(-122.39142621428466,37.76964051611363);(-122.39153995030124,37.769632079916306);(-122.39165461840929,37.769632627212374);(-122.39176815640883,37.76963321329422);(-122.39187041442356,37.76962472792961);(-122.39198402621409,37.76961630105851);(-122.3920976379803,37.76960787407762);(-122.39221117595135,37.76960845973231);(-122.39231343388657,37.769599973982494);(-122.39242704559477,37.76959154668346);(-122.39254065727863,37.769583119274635);(-122.3926429151452,37.76957463323822);(-122.39275652678151,37.76956620562082);(-122.39273453157507,37.76948587097886);(-122.3926435786096,37.76949351852257)

l(r:p1udt175-p1udt258);(-122.38961604687321,37.76900017987506);(-122.38971830423543,37.76899169637173);(-122.3898204875161,37.76899222552172);(-122.38993409854339,37.76898380061978);(-122.3900363558505,37.76897531683991);(-122.39014996683025,37.76896689172938);(-122.390252150085,37.7689674205048);(-122.39035440733697,37.76895893644839);(-122.39046801825975,37.768950511030674);(-122.3905690951768,37.768933062682976)

l(r:p1udt258-p1udt447);(-122.38766868040463,37.76971212220568);(-122.38765805755448,37.76962183727374);(-122.38764744701248,37.76953165089721);(-122.38764806698157,37.76944963916269);(-122.38763750542432,37.7693603498767);(-122.38762689494033,37.76927016349487);(-122.38761622243693,37.76918908840671);(-122.38761690447582,37.76909796537196);(-122.38760634300027,37.76900867607863);(-122.38759567055298,37.768927600985556);(-122.38772057415102,37.76891824157086);(-122.38783418527535,37.7689098186945);(-122.38794779637539,37.768901395708376);(-122.38806133317851,37.76890198535196);(-122.38817494424381,37.76889356214649);(-122.38828855528484,37.76888513883126);(-122.38839081262425,37.768876656479684);(-122.38850442361777,37.76886823295585);(-122.38861796038196,37.76886882206271);(-122.38873157134074,37.768860398319546);(-122.38884518227523,37.76885197446661);(-122.38895879318542,37.7688435505039);(-122.38907240407131,37.76883512643141);(-122.38918594079696,37.76883571499062);(-122.38931090531982,37.768827349537744);(-122.38940180880437,37.76881880746813);(-122.38947982630367,37.7688012760287);(-122.38950347905639,37.76886291811447);(-122.38951430377723,37.768935443007784);(-122.38951378948882,37.76900866328944)

l(r:p1udt454lv-p1ulv1912)p1ud1;(-122.39056406201381,37.76969909720133);(-122.390497270791,37.76953651550449)

padswitch(r:p1udt201-p1udt471)p1u_9171

padswitch(r:p1udt201-p1udt471)p1u_9172

padswitch(r:p1umv10-p1umv5)p1u_9175

padswitch(r:p1umv10-p1umv5)p1u_9176

padswitch(r:p1udt62-p1umv10)p1u_9177

padswitch(r:p1udt62-p1umv10)p1u_9178

padswitch(r:p1udt175-p1umv5)p1u_9167

padswitch(r:p1udt175-p1umv5)p1u_9168

padswitch(r:p1udt201-p1udt454)p1u_9169

padswitch(r:p1udt201-p1udt454)p1u_9170

padswitch(r:p1udt201-p1umv5)p1u_9173

padswitch(r:p1udt201-p1umv5)p1u_9174

padswitch(r:p1udt201-p1umv7)p1u_11912

padswitch(r:p1udt175-p1udt258)p1u_11919

padswitch(r:p1udt175-p1udt258)p1u_11920

padswitch(r:p1udt258-p1udt447)p1u_11935

fuse(r:p1udt104-p1udt2)p1u_11961

fuse(r:p1udt201-p1udt471)p1u_11975

goab_disswitch(r:p1udt61-p1umv9)p1u_12229

goab_disswitch(r:p1udt258-p1umv9)p1u_12235

recloser_disswitch(r:p1udt228-p1udt62)p1u_12237

goab_disswitch(r:p1udt61-p1udt62)p1u_12239

goab_disswitch(r:p1udt1-p1umv9)p1u_12263

goab_disswitch(r:p1udt258-p1udt259)p1u_12272

l(r:p1udt104-p1uhs0_1247)_disconnect

l(r:p1udt104-p1uhs0_1247)_cont;(-122.39196200689132,37.755663852454056);(-122.39198404636859,37.75574508447991);(-122.39199458668142,37.75584428347089);(-122.39200549581828,37.75589841862958);(-122.3919708506047,37.75597034506636);(-122.39197026049283,37.75604244719274);(-122.39196959661444,37.75612356208387);(-122.3919802107181,37.756213748304596);(-122.39197947308281,37.75630387595888);(-122.39199008722122,37.75639406217628);(-122.39200070138395,37.7564842483916);(-122.39199996376632,37.756574376042074);(-122.39201057796382,37.75666456225406);(-122.39200984035338,37.756754689901925);(-122.39202045458563,37.75684487611062);(-122.39203114260125,37.75692604955269);(-122.39203040500884,37.7570161771969);(-122.39204101929907,37.75710636340028);(-122.39204028171386,37.75719649104189);(-122.39205089603888,37.75728667724195);(-122.39206151038816,37.75737686343991);(-122.39206077282064,37.757466991077706);(-122.39209431237379,37.75753025609459);(-122.39211650002291,37.7575934625489);(-122.39212740948818,37.75764759768327);(-122.3922069470106,37.75763899475965);(-122.39228589467449,37.75770249389245);(-122.39238813619178,37.757694007919206);(-122.39248736534539,37.75778836278017);(-122.39248809280437,37.75796491753727);(-122.39248669237689,37.75813616004432);(-122.39248536564517,37.758298389783214);(-122.39248403890281,37.75846061951758);(-122.39249406426846,37.75862290776635);(-122.39248138538613,37.75878507897277);(-122.39248013232182,37.75893829593144);(-122.39246760076963,37.75908244160319);(-122.39246634766346,37.75923565855371);(-122.39247652049501,37.75937992126037);(-122.3924753411059,37.75952412544214);(-122.3924856614092,37.75965036261936);(-122.3924959817446,37.75977659979326);(-122.3925063758215,37.75989382420315);(-122.39250541759787,37.760010990091516);(-122.39252679552877,37.7601733368159);(-122.39251485350056,37.76024538038025);(-122.39253682116782,37.760335625016815);(-122.39255827295574,37.7604889589681);(-122.39256844610429,37.76063322163924);(-122.39261245553662,37.760804698119166);(-122.39264503899297,37.76098512883236);(-122.39262108116026,37.76113822872168);(-122.3923827523252,37.76112798702399);(-122.39229112118969,37.76122665907253);(-122.39228972014367,37.76139790147832);(-122.3922883190858,37.76156914387907);(-122.39228691801607,37.76174038627479);(-122.3922855906759,37.761902615908205);(-122.39228418958304,37.76207385829411);(-122.39229450985616,37.76220009543387);(-122.39229355121878,37.76231726127167);(-122.3923039452766,37.76243448564934);(-122.39231441310432,37.76254269726769);(-122.39231360196655,37.762641837586735);(-122.39232421731137,37.76273202368869);(-122.39236881722718,37.76283139815723);(-122.3923565177344,37.76290562583477);(-122.3923897100467,37.76298187899016);(-122.39237811552336,37.76307569761229);(-122.39240036868496,37.76313800745804);(-122.39239948391337,37.76324616052404);(-122.39242182092106,37.76329134136601);(-122.39245484727181,37.76341769553023);(-122.3924765208614,37.76354399115749);(-122.39244201988835,37.763597892103014);(-122.39250954741188,37.76367034530274);(-122.39246332488085,37.763769251502836);(-122.39254257407192,37.763796699437);(-122.39257574826465,37.7639050280509);(-122.3926089225521,37.76401335665431);(-122.39264224434233,37.76410365973823);(-122.39251728810233,37.76411202880244);(-122.39247099157359,37.764219947749964);(-122.39245831151817,37.76438211879166);(-122.39243420464865,37.76455324404923);(-122.39242152444612,37.76471541507666);(-122.392408770449,37.764886598850715);(-122.39239609012408,37.7650487698653);(-122.39229383847146,37.76505725574753);(-122.39218023369399,37.76506568298432);(-122.39206670266861,37.7650650973593);(-122.39205446423088,37.7651731918144);(-122.39190679989225,37.76518144307284);(-122.39174778240259,37.76518963554763);(-122.39176916001111,37.76535198226581);(-122.39177911072534,37.76552328313166);(-122.3918007837295,37.7656495788336);(-122.39181147263997,37.76573075218358);(-122.39169786678279,37.76573917894502);(-122.39158433473806,37.765738592846475);(-122.39159480191614,37.765846804463244);(-122.3916053429573,37.76594600332743);(-122.39161588402484,37.76604520218924);(-122.39161507185231,37.766144342436355);(-122.39142199247073,37.76615235860846)

